sound_volume = 0.09999999999999969
music_volume = 0.1499999999999997
show_timer = 1
