sound_volume = 0.4999999999999996
music_volume = 0.4999999999999996
show_timer = 0
